ProMECA 1.0
Ejemplo_de_Armadura_1
Cm	Kg
4	5	2	1	1	2	1	1	1	2	0	0	1
1	1	2	
1	2	3	
1	3	4	
1	1	3	
1	2	4	
0.000000	0.000000	
0.000000	780.000000	
540.000000	780.000000	
540.000000	0.000000	
1	1	1	0.000000	0.000000	
4	1	1	0.000000	0.000000	
2.100000e+06	1.000000e+00	1.040000e+04	0.000000e+00	
Elemento 1
0.000000	0.000000	0.000000	0.000000	
0.000000	2692.307692	0.000000	-2692.307692	
0.000000	0.000000	0.000000	0.000000	
0.000000	-2692.307692	0.000000	2692.307692	

Elemento 2
3888.888889	0.000000	-3888.888889	0.000000	
0.000000	0.000000	0.000000	0.000000	
-3888.888889	0.000000	3888.888889	0.000000	
0.000000	0.000000	0.000000	0.000000	

Elemento 3
0.000000	0.000000	0.000000	0.000000	
0.000000	2692.307692	0.000000	-2692.307692	
0.000000	0.000000	0.000000	0.000000	
0.000000	-2692.307692	0.000000	2692.307692	

Elemento 4
717.204573	1035.962161	-717.204573	-1035.962161	
1035.962161	1496.389789	-1035.962161	-1496.389789	
-717.204573	-1035.962161	717.204573	1035.962161	
-1035.962161	-1496.389789	1035.962161	1496.389789	

Elemento 5
717.204573	-1035.962161	-717.204573	1035.962161	
-1035.962161	1496.389789	1035.962161	-1496.389789	
-717.204573	1035.962161	717.204573	-1035.962161	
1035.962161	-1496.389789	-1035.962161	1496.389789	

CASO_DE_CARGA:1	Fuerzas_en_nodos
2	0	0	0	0	1
2	0.000000	-1000.000000	
3	0.000000	-1000.000000	
0.000000	0.000000	
-0.030019	-0.246162	
0.030019	-0.246162	
0.000000	0.000000	
233.484643	1000.000000	
-233.484643	1000.000000	
0.000000	662.744405	0.000000	-662.744405	
-233.484643	0.000000	233.484643	0.000000	
0.000000	-662.744405	0.000000	662.744405	
233.484643	337.255595	-233.484643	-337.255595	
233.484643	-337.255595	-233.484643	337.255595	
