ProMECA 1.0
Ejemplo_de_Armadura_3
Cm	Kg
5	4	4	1	3	3	1	1	1	2	0	0	1
1	1	3	2
1	2	3	3
1	3	4	1
1	3	5	1
0.000000	0.000000	
1000.000000	0.000000	
500.000000	500.000000	
0.000000	1000.000000	
1000.000000	1000.000000	
1	1	1	1	0.000000	0.000000	0.000000	
2	1	1	1	0.000000	0.000000	0.000000	
4	1	1	1	0.000000	0.000000	0.000000	
5	1	1	1	0.000000	0.000000	0.000000	
2.100000e+05	1.000000e+02	8.333300e+02	0.000000e+00	
Elemento 1
14852.212242	14846.272568	-1484.918301	-14852.212242	-14846.272568	-1484.918301	
14846.272568	14852.212242	1484.918301	-14846.272568	-14852.212242	1484.918301	
-1484.918301	1484.918301	989945.533863	1484.918301	-1484.918301	494972.766932	
-14852.212242	-14846.272568	1484.918301	14852.212242	14846.272568	1484.918301	
-14846.272568	-14852.212242	-1484.918301	14846.272568	14852.212242	-1484.918301	
-1484.918301	1484.918301	494972.766932	1484.918301	-1484.918301	989945.533863	

Elemento 2
14849.984864	-14848.499946	-742.459150	-14849.984864	14848.499946	0.000000	
-14848.499946	14849.984864	-742.459150	14848.499946	-14849.984864	0.000000	
-742.459150	-742.459150	742459.150397	742.459150	742.459150	0.000000	
-14849.984864	14848.499946	742.459150	14849.984864	-14848.499946	0.000000	
14848.499946	-14849.984864	742.459150	-14848.499946	14849.984864	0.000000	
0.000000	0.000000	0.000000	0.000000	0.000000	0.000000	

Elemento 3
14849.242405	-14849.242405	0.000000	-14849.242405	14849.242405	0.000000	
-14849.242405	14849.242405	0.000000	14849.242405	-14849.242405	0.000000	
0.000000	0.000000	0.000000	0.000000	0.000000	0.000000	
-14849.242405	14849.242405	0.000000	14849.242405	-14849.242405	0.000000	
14849.242405	-14849.242405	0.000000	-14849.242405	14849.242405	0.000000	
0.000000	0.000000	0.000000	0.000000	0.000000	0.000000	

Elemento 4
14849.242405	14849.242405	0.000000	-14849.242405	-14849.242405	0.000000	
14849.242405	14849.242405	0.000000	-14849.242405	-14849.242405	0.000000	
0.000000	0.000000	0.000000	0.000000	0.000000	0.000000	
-14849.242405	-14849.242405	0.000000	14849.242405	14849.242405	0.000000	
-14849.242405	-14849.242405	0.000000	14849.242405	14849.242405	0.000000	
0.000000	0.000000	0.000000	0.000000	0.000000	0.000000	

CASO_DE_CARGA:1	Fuerza_en_nodo
1	0	0	0	0	0
3	0.000000	-10000.000000	0.000000	
0.000000	0.000000	0.000000	
0.000000	0.000000	0.000000	
0.000000	-0.168355	-0.000253	
0.000000	0.000000	0.000000	
0.000000	0.000000	0.000000	
2499.812505	2500.062498	124.996375	
-2499.812505	2500.062498	-124.996375	
-2499.937502	2499.937502	0.000000	
2499.937502	2499.937502	0.000000	
2499.812506	2500.062499	124.996386	-2499.812506	-2500.062499	0.000023	
-2499.812506	2500.062499	-124.996375	2499.812506	-2500.062499	0.000000	
2499.937502	-2499.937502	0.000000	-2499.937502	2499.937502	0.000000	
-2499.937502	-2499.937502	0.000000	2499.937502	2499.937502	0.000000	
