ProMECA 1.0
Ejemplo_de_Marco_1
Cm	Kg
4	3	2	1	2	3	2	1	1	2	0	0	0
1	1	2	
2	2	3	
1	4	3	
0.000000	0.000000	
300.000000	400.000000	
900.000000	400.000000	
900.000000	0.000000	
1	1	1	1	0.000000	0.000000	0.000000	
4	1	1	1	0.000000	0.000000	0.000000	
2.526710e+05	1.200000e+03	1.600000e+05	0.000000e+00	
2.526710e+05	6.000000e+02	4.500000e+04	0.000000e+00	
Elemento 1
220791.600998	289214.099251	-776205.312000	-220791.600998	-289214.099251	-776205.312000	
289214.099251	389499.825562	582153.984000	-289214.099251	-389499.825562	582153.984000	
-776205.312000	582153.984000	323418880.000000	776205.312000	-582153.984000	161709440.000000	
-220791.600998	-289214.099251	776205.312000	220791.600998	289214.099251	776205.312000	
-289214.099251	-389499.825562	-582153.984000	289214.099251	389499.825562	-582153.984000	
-776205.312000	582153.984000	161709440.000000	776205.312000	-582153.984000	323418880.000000	

Elemento 2
252671.000000	0.000000	0.000000	-252671.000000	0.000000	0.000000	
0.000000	631.677500	189503.250000	0.000000	-631.677500	189503.250000	
0.000000	189503.250000	75801300.000000	0.000000	-189503.250000	37900650.000000	
-252671.000000	0.000000	0.000000	252671.000000	0.000000	0.000000	
0.000000	-631.677500	-189503.250000	0.000000	631.677500	-189503.250000	
0.000000	189503.250000	37900650.000000	0.000000	-189503.250000	75801300.000000	

Elemento 3
7580.130000	0.000000	-1516026.000000	-7580.130000	0.000000	-1516026.000000	
0.000000	758013.000000	0.000000	0.000000	-758013.000000	0.000000	
-1516026.000000	0.000000	404273600.000000	1516026.000000	0.000000	202136800.000000	
-7580.130000	0.000000	1516026.000000	7580.130000	0.000000	1516026.000000	
0.000000	-758013.000000	0.000000	0.000000	758013.000000	0.000000	
-1516026.000000	0.000000	202136800.000000	1516026.000000	0.000000	404273600.000000	

CASO_DE_CARGA:1	Caso_sin_título
0	1	1	0	0	0
 3	-2000.000000	200.000000
2	-50.000000
0.000000	0.000000	0.000000	
1.512479	-1.167485	-0.007833	
1.473729	-0.022764	-0.000251	
0.000000	0.000000	0.000000	
9790.861736	12744.942328	586929.329456	
-11790.861736	17255.057672	2283518.765887	
9790.861767	12744.942331	586929.325575	-9790.861767	-12744.942331	-679791.333000	
9790.861725	12744.942324	679791.323528	-9790.861725	17255.057676	-2032825.929049	
-11790.861740	17255.057654	2283518.766488	9790.861740	-17255.057654	2032825.929528	
