ProMECA 1.0
Ejemplo_de_Marco_5
Cm	Newtons
4	3	3	3	3	3	1	1	1	2	0	0	0
1	2	1	3
1	2	3	3
1	4	2	1
0.000000	0.000000	
250.000000	250.000000	
500.000000	500.000000	
500.000000	0.000000	
1	1	1	1	0.000000	0.000000	0.000000	
3	1	1	1	0.000000	0.000000	0.000000	
4	1	1	1	0.000000	0.000000	0.000000	
2.100000e+06	1.267900e+02	1.970810e+04	0.000000e+00	
Elemento 1
377951.810604	375142.367204	702360.850177	-377951.810604	-375142.367204	0.000000	
375142.367204	377951.810604	-702360.850177	-375142.367204	-377951.810604	0.000000	
702360.850177	-702360.850177	351180425.088425	-702360.850177	702360.850177	0.000000	
-377951.810604	-375142.367204	-702360.850177	377951.810604	375142.367204	0.000000	
-375142.367204	-377951.810604	702360.850177	375142.367204	377951.810604	0.000000	
0.000000	0.000000	0.000000	0.000000	0.000000	0.000000	

Elemento 2
377951.810604	375142.367204	-702360.850177	-377951.810604	-375142.367204	0.000000	
375142.367204	377951.810604	702360.850177	-375142.367204	-377951.810604	0.000000	
-702360.850177	702360.850177	351180425.088425	702360.850177	-702360.850177	0.000000	
-377951.810604	-375142.367204	702360.850177	377951.810604	375142.367204	0.000000	
-375142.367204	-377951.810604	-702360.850177	375142.367204	377951.810604	0.000000	
0.000000	0.000000	0.000000	0.000000	0.000000	0.000000	

Elemento 3
376547.088904	-376547.088904	0.000000	-376547.088904	376547.088904	0.000000	
-376547.088904	376547.088904	0.000000	376547.088904	-376547.088904	0.000000	
0.000000	0.000000	0.000000	0.000000	0.000000	0.000000	
-376547.088904	376547.088904	0.000000	376547.088904	-376547.088904	0.000000	
376547.088904	-376547.088904	0.000000	-376547.088904	376547.088904	0.000000	
0.000000	0.000000	0.000000	0.000000	0.000000	0.000000	

CASO_DE_CARGA:1	Fuerzas_concentradas_en_barras
0	1	0	0	0	0
1	50.000000	100.000000
0.000000	0.000000	0.000000	
0.000042	-0.000042	0.000004	
0.000000	0.000000	0.000000	
0.000000	0.000000	0.000000	
-7.038009	7.038009	0.000000	
2.961991	-2.961991	0.000000	
-31.279321	31.279321	0.000000	
-28.317352	28.317352	-1481.006226	-7.037988	7.037988	0.000000	
-2.961970	2.961970	1480.984884	2.961970	-2.961970	0.000000	
-31.279315	31.279315	0.000000	31.279315	-31.279315	0.000000	
CASO_DE_CARGA:2	Fuerzas_uniformemente_distribuidas
0	0	2	0	0	0
1	50.000000
2	-50.000000
0.000000	0.000000	0.000000	
0.020594	-0.020594	0.000000	
0.000000	0.000000	0.000000	
0.000000	0.000000	0.000000	
-4745.357911	4745.357911	0.000000	
-4745.357911	4745.357911	0.000000	
-15509.284178	15509.284178	0.000000	
-7754.642089	7754.642089	-752321.044430	-4745.357911	4745.357911	0.000000	
-7754.642089	7754.642089	752321.044430	-4745.357911	4745.357911	0.000000	
-15509.284155	15509.284155	0.000000	15509.284155	-15509.284155	0.000000	
CASO_DE_CARGA:3	Peso_propio
0	0	0	0	0	1
0.000000	0.000000	0.000000	
0.000000	0.000000	0.000000	
0.000000	0.000000	0.000000	
0.000000	0.000000	0.000000	
0.000000	0.000000	0.000000	
0.000000	0.000000	0.000000	
0.000000	0.000000	0.000000	
0.000000	0.000000	0.000000	0.000000	0.000000	0.000000	
0.000000	0.000000	0.000000	0.000000	0.000000	0.000000	
0.000000	0.000000	0.000000	0.000000	0.000000	0.000000	
