ProMECA 1.0
Ejemplo_de_Marco_1
Cm	Newtons
4	3	3	1	3	3	1	1	1	2	0	0	0
1	1	2	2
1	2	4	2
1	2	3	1
0.000000	0.000000	
100.000000	400.000000	
100.000000	500.000000	
600.000000	400.000000	
1	1	1	1	0.000000	0.000000	0.000000	
3	1	1	1	0.000000	0.000000	0.000000	
4	1	1	1	0.000000	0.000000	0.000000	
2.100000e+06	1.154680e+02	9.973880e+03	0.000000e+00	
Elemento 1
37969.450947	137534.430910	-717168.643999	-37969.450947	-137534.430910	-717168.643999	
137534.430910	553723.566858	179292.161000	-137534.430910	-553723.566858	179292.161000	
-717168.643999	179292.161000	203197782.466340	717168.643999	-179292.161000	101598891.233170	
-37969.450947	-137534.430910	717168.643999	37969.450947	137534.430910	717168.643999	
-137534.430910	-553723.566858	-179292.161000	137534.430910	553723.566858	-179292.161000	
-717168.643999	179292.161000	101598891.233170	717168.643999	-179292.161000	203197782.466340	

Elemento 2
484965.600000	0.000000	0.000000	-484965.600000	0.000000	0.000000	
0.000000	2010.734208	502683.552000	0.000000	-2010.734208	502683.552000	
0.000000	502683.552000	167561184.000000	0.000000	-502683.552000	83780592.000000	
-484965.600000	0.000000	0.000000	484965.600000	0.000000	0.000000	
0.000000	-2010.734208	-502683.552000	0.000000	2010.734208	-502683.552000	
0.000000	502683.552000	83780592.000000	0.000000	-502683.552000	167561184.000000	

Elemento 3
0.000000	0.000000	0.000000	0.000000	0.000000	0.000000	
0.000000	2424828.000000	0.000000	0.000000	-2424828.000000	0.000000	
0.000000	0.000000	0.000000	0.000000	0.000000	0.000000	
0.000000	0.000000	0.000000	0.000000	0.000000	0.000000	
0.000000	-2424828.000000	0.000000	0.000000	2424828.000000	0.000000	
0.000000	0.000000	0.000000	0.000000	0.000000	0.000000	

CASO_DE_CARGA:1	Fuerza_distribuida
0	0	1	0	0	1
2	-50.000000
0.000000	0.000000	0.000000	 
0.004944	-0.004116	-0.002816	 
0.000000	0.000000	0.000000	 
0.000000	0.000000	0.000000	 
2397.645789	1094.631124	-281770.501025	
0.000000	9981.773692	0.000000	
-2397.645789	13923.595184	-1279622.294214	
2397.645767	1094.631128	-281770.497955	-2397.645767	-1094.631128	-567824.695874	
2397.645775	11076.404831	567824.707140	-2397.645775	13923.595169	-1279622.291659	
0.000000	-9981.773667	0.000000	0.000000	9981.773667	0.000000	
