ProMECA 1.0
Pirámide_de_base_cuadrada
cm	kg
5	8	4	1	1	3	1	1	1	3	0	0	0
1	1	2	
1	2	3	
1	3	4	
1	4	1	
1	1	5	
1	2	5	
1	3	5	
1	4	5	
0.000000	0.000000	0.000000	
100.000000	0.000000	0.000000	
100.000000	100.000000	0.000000	
0.000000	100.000000	0.000000	
50.000000	50.000000	100.000000	
1	1	1	1	0.000000	0.000000	0.000000	
2	1	1	1	0.000000	0.000000	0.000000	
3	1	1	1	0.000000	0.000000	0.000000	
4	1	1	1	0.000000	0.000000	0.000000	
2.100000e+06	1.240000e+00	0.000000e+00	0.000000e+00	
Elemento 1
26040.000000	0.000000	0.000000	-26040.000000	0.000000	0.000000	
0.000000	0.000000	0.000000	0.000000	0.000000	0.000000	
0.000000	0.000000	0.000000	0.000000	0.000000	0.000000	
-26040.000000	0.000000	0.000000	26040.000000	0.000000	0.000000	
0.000000	0.000000	0.000000	0.000000	0.000000	0.000000	
0.000000	0.000000	0.000000	0.000000	0.000000	0.000000	

Elemento 2
0.000000	0.000000	0.000000	0.000000	0.000000	0.000000	
0.000000	26040.000000	0.000000	0.000000	-26040.000000	0.000000	
0.000000	0.000000	0.000000	0.000000	0.000000	0.000000	
0.000000	0.000000	0.000000	0.000000	0.000000	0.000000	
0.000000	-26040.000000	0.000000	0.000000	26040.000000	0.000000	
0.000000	0.000000	0.000000	0.000000	0.000000	0.000000	

Elemento 3
26040.000000	0.000000	0.000000	-26040.000000	0.000000	0.000000	
0.000000	0.000000	0.000000	0.000000	0.000000	0.000000	
0.000000	0.000000	0.000000	0.000000	0.000000	0.000000	
-26040.000000	0.000000	0.000000	26040.000000	0.000000	0.000000	
0.000000	0.000000	0.000000	0.000000	0.000000	0.000000	
0.000000	0.000000	0.000000	0.000000	0.000000	0.000000	

Elemento 4
0.000000	0.000000	0.000000	0.000000	0.000000	0.000000	
0.000000	26040.000000	0.000000	0.000000	-26040.000000	0.000000	
0.000000	0.000000	0.000000	0.000000	0.000000	0.000000	
0.000000	0.000000	0.000000	0.000000	0.000000	0.000000	
0.000000	-26040.000000	0.000000	0.000000	26040.000000	0.000000	
0.000000	0.000000	0.000000	0.000000	0.000000	0.000000	

Elemento 5
3543.595161	3543.595161	7087.190322	-3543.595161	-3543.595161	-7087.190322	
3543.595161	3543.595161	7087.190322	-3543.595161	-3543.595161	-7087.190322	
7087.190322	7087.190322	14174.380645	-7087.190322	-7087.190322	-14174.380645	
-3543.595161	-3543.595161	-7087.190322	3543.595161	3543.595161	7087.190322	
-3543.595161	-3543.595161	-7087.190322	3543.595161	3543.595161	7087.190322	
-7087.190322	-7087.190322	-14174.380645	7087.190322	7087.190322	14174.380645	

Elemento 6
3543.595161	-3543.595161	-7087.190322	-3543.595161	3543.595161	7087.190322	
-3543.595161	3543.595161	7087.190322	3543.595161	-3543.595161	-7087.190322	
-7087.190322	7087.190322	14174.380645	7087.190322	-7087.190322	-14174.380645	
-3543.595161	3543.595161	7087.190322	3543.595161	-3543.595161	-7087.190322	
3543.595161	-3543.595161	-7087.190322	-3543.595161	3543.595161	7087.190322	
7087.190322	-7087.190322	-14174.380645	-7087.190322	7087.190322	14174.380645	

Elemento 7
3543.595161	3543.595161	-7087.190322	-3543.595161	-3543.595161	7087.190322	
3543.595161	3543.595161	-7087.190322	-3543.595161	-3543.595161	7087.190322	
-7087.190322	-7087.190322	14174.380645	7087.190322	7087.190322	-14174.380645	
-3543.595161	-3543.595161	7087.190322	3543.595161	3543.595161	-7087.190322	
-3543.595161	-3543.595161	7087.190322	3543.595161	3543.595161	-7087.190322	
7087.190322	7087.190322	-14174.380645	-7087.190322	-7087.190322	14174.380645	

Elemento 8
3543.595161	-3543.595161	7087.190322	-3543.595161	3543.595161	-7087.190322	
-3543.595161	3543.595161	-7087.190322	3543.595161	-3543.595161	7087.190322	
7087.190322	-7087.190322	14174.380645	-7087.190322	7087.190322	-14174.380645	
-3543.595161	3543.595161	-7087.190322	3543.595161	-3543.595161	7087.190322	
3543.595161	-3543.595161	7087.190322	-3543.595161	3543.595161	-7087.190322	
-7087.190322	7087.190322	-14174.380645	7087.190322	-7087.190322	14174.380645	

CASO_DE_CARGA:1	Caso_sin_título
1	0	0	0	0	0
5	0.000000	0.000000	-1000.000000	
0.000000	0.000000	0.000000	
0.000000	0.000000	0.000000	
0.000000	0.000000	0.000000	
0.000000	0.000000	0.000000	
0.000000	0.000000	-0.017637	
125.000000	125.000000	250.000000	
-125.000000	125.000000	250.000000	
-125.000000	-125.000000	250.000000	
125.000000	-125.000000	250.000000	
0.000000	0.000000	0.000000	0.000000	0.000000	0.000000	
0.000000	0.000000	0.000000	0.000000	0.000000	0.000000	
0.000000	0.000000	0.000000	0.000000	0.000000	0.000000	
0.000000	0.000000	0.000000	0.000000	0.000000	0.000000	
125.000000	125.000000	249.999999	-125.000000	-125.000000	-249.999999	
-125.000000	125.000000	249.999999	125.000000	-125.000000	-249.999999	
-125.000000	-125.000000	249.999999	125.000000	125.000000	-249.999999	
125.000000	-125.000000	249.999999	-125.000000	125.000000	-249.999999	
