ProMECA 1.0
Piramide
Cm	Kg
5	4	4	2	1	3	1	1	1	3	0	0	0
1	1	5	
1	2	5	
1	3	5	
1	4	5	
0.000000	0.000000	0.000000	
1000.000000	0.000000	0.000000	
1000.000000	1000.000000	0.000000	
0.000000	1000.000000	0.000000	
500.000000	500.000000	1000.000000	
1	1	1	1	0.000000	0.000000	0.000000	
2	1	1	1	0.000000	0.000000	0.000000	
3	1	1	1	0.000000	0.000000	0.000000	
4	1	1	1	0.000000	0.000000	0.000000	
2.100000e+06	1.154680e+02	9.973880e+03	1.000000e+00	
Elemento 1
32997.729522	32997.729522	65995.459045	-32997.729522	-32997.729522	-65995.459045	
32997.729522	32997.729522	65995.459045	-32997.729522	-32997.729522	-65995.459045	
65995.459045	65995.459045	131990.918089	-65995.459045	-65995.459045	-131990.918089	
-32997.729522	-32997.729522	-65995.459045	32997.729522	32997.729522	65995.459045	
-32997.729522	-32997.729522	-65995.459045	32997.729522	32997.729522	65995.459045	
-65995.459045	-65995.459045	-131990.918089	65995.459045	65995.459045	131990.918089	

Elemento 2
32997.729522	-32997.729522	-65995.459045	-32997.729522	32997.729522	65995.459045	
-32997.729522	32997.729522	65995.459045	32997.729522	-32997.729522	-65995.459045	
-65995.459045	65995.459045	131990.918089	65995.459045	-65995.459045	-131990.918089	
-32997.729522	32997.729522	65995.459045	32997.729522	-32997.729522	-65995.459045	
32997.729522	-32997.729522	-65995.459045	-32997.729522	32997.729522	65995.459045	
65995.459045	-65995.459045	-131990.918089	-65995.459045	65995.459045	131990.918089	

Elemento 3
32997.729522	32997.729522	-65995.459045	-32997.729522	-32997.729522	65995.459045	
32997.729522	32997.729522	-65995.459045	-32997.729522	-32997.729522	65995.459045	
-65995.459045	-65995.459045	131990.918089	65995.459045	65995.459045	-131990.918089	
-32997.729522	-32997.729522	65995.459045	32997.729522	32997.729522	-65995.459045	
-32997.729522	-32997.729522	65995.459045	32997.729522	32997.729522	-65995.459045	
65995.459045	65995.459045	-131990.918089	-65995.459045	-65995.459045	131990.918089	

Elemento 4
32997.729522	-32997.729522	65995.459045	-32997.729522	32997.729522	-65995.459045	
-32997.729522	32997.729522	-65995.459045	32997.729522	-32997.729522	65995.459045	
65995.459045	-65995.459045	131990.918089	-65995.459045	65995.459045	-131990.918089	
-32997.729522	32997.729522	-65995.459045	32997.729522	-32997.729522	65995.459045	
32997.729522	-32997.729522	65995.459045	-32997.729522	32997.729522	-65995.459045	
-65995.459045	65995.459045	-131990.918089	65995.459045	-65995.459045	131990.918089	

CASO_DE_CARGA:1	Carga_puntual
1	0	0	0	0	0
5	1000.000000	0.000000	0.000000	
0.000000	0.000000	0.000000	
0.000000	0.000000	0.000000	
0.000000	0.000000	0.000000	
0.000000	0.000000	0.000000	
0.007576	0.000000	0.000000	
-250.000000	-250.000000	-500.000000	
-250.000000	250.000000	500.000000	
-250.000000	-250.000000	500.000000	
-250.000000	250.000000	-500.000000	
-249.999999	-249.999999	-499.999997	249.999999	249.999999	499.999997	
-249.999999	249.999999	499.999997	249.999999	-249.999999	-499.999997	
-249.999999	-249.999999	499.999997	249.999999	249.999999	-499.999997	
-249.999999	249.999999	-499.999997	249.999999	-249.999999	499.999997	
CASO_DE_CARGA:2	Peso_propio
0	0	0	0	0	1
0.000000	0.000000	0.000000	
0.000000	0.000000	0.000000	
0.000000	0.000000	0.000000	
0.000000	0.000000	0.000000	
0.000000	0.000000	-0.535714	
35354.710202	35354.710202	141418.840810	
-35354.710202	35354.710202	141418.840810	
-35354.710202	-35354.710202	141418.840810	
35354.710202	-35354.710202	141418.840810	
35354.710202	35354.710202	141418.840808	-35354.710202	-35354.710202	0.000002	
-35354.710202	35354.710202	141418.840808	35354.710202	-35354.710202	0.000002	
-35354.710202	-35354.710202	141418.840808	35354.710202	35354.710202	0.000002	
35354.710202	-35354.710202	141418.840808	-35354.710202	35354.710202	0.000002	
